+919810811234
+919810821234
+919810831234
+919810841234
+919810851234
+919810861234
+919810871234
+919810881234
+919810891234
+919810801234
+919810801234
+919810801234
+919810801234
+919810801234
+919810801234
+919810801234
+919810801234
+919810801234
+919810821234
+919810831234
+919810841234
+919810851234
+639810861234
+649810871234
+659810881234
+669810891234
+679810811234
+689810831234
+699810841234
+709810851234
+719810861234
+729810871234
+739810881234
+749810891234
+759810811234
+769810821234
+779810841234
+789810851234
+799810861234
+809810871234
+819810881234
+829810891234
+839810811234
+849810821234
+859810831234
+869810851234
+879810861234
+889810871234
+899810881234
+909810891234
+919810811234
+919810821234
+919810831234
+919810841234
+919810854531
+919810864531
+919810874531
+919810884531
+919810894531
+919810814531
+919810824531
+919810834531
+919810844531
+459810804531
+469810804531
+479810804531
+489810804531
+499810804531
+509810804531
+519810804531
+529810804531
+539810804531
+549810814531
+559810824531
+569810834531
+579810844531
+589810854531
+599810864531
+609810874531
+919810884531
+919810894531
+919810824531
+919810834531
+919810844531
+919810854531
+919810864531
+919810874531
+919810884531
+919810894531
+919810814531
+919810834531
+919810844531
+919810854531
+919810864531
+919810874531
+919810884531
+919810894531
+639810814531
+649810824531
+659810844531
+669810854531
+679810864531
+689810874531
+699810884531
+919810894531
+919810814531
+919810824531
+919810834531
+919810854531
+919810864531
+639810874531
+649810884531
+699810844531
+659810894531
+669810814531
+679810824531
+689810834531