+91 98108112345
+91 98108212345
+91 98108312345
+91 98108412345
+91 98108512345
+91 98108612345
+91 98108712345
+91 98108812345
+91 98108912345
+91 98108012345
+91 98108012345
+91 98108012345
+91 98108012345
+91 98108012345
+91 98108012345
+91 98108012345
+91 98108012345
+91 98108012345
+91 98108212345
+91 98108312345
+91 98108412345
+91 98108512345
+63 98108612345
+64 98108712345
+65 98108812345
+66 98108912345
+67 98108112345
+68 98108312345
+69 98108412345
+70 98108512345
+71 98108612345
+72 98108712345
+73 98108812345
+74 98108912345
+75 98108112345
+76 98108212345
+77 98108412345
+78 98108512345
+79 98108612345
+80 98108712345
+81 98108812345
+82 98108912345
+83 98108112345
+84 98108212345
+85 98108312345
+86 98108512345
+87 98108612345
+88 98108712345
+89 98108812345
+90 98108912345
+91 98108112345
+91 98108212345
+91 98108312345
+91 98108412345
+91 98108545312
+91 98108645312
+91 98108745312
+91 98108845312
+91 98108945312
+91 98108145312
+91 98108245312
+91 98108345312
+91 98108445312
+45 98108045312
+46 98108045312
+47 98108045312
+48 98108045312
+49 98108045312
+50 98108045312
+51 98108045312
+52 98108045312
+53 98108045312
+54 98108145312
+55 98108245312
+56 98108345312
+57 98108445312
+58 98108545312
+59 98108645312
+60 98108745312
+91 98108845312
+91 98108945312
+91 98108245312
+91 98108345312
+91 98108445312
+91 98108545312
+91 98108645312
+91 98108745312
+91 98108845312
+91 98108945312
+91 98108145312
+91 98108345312
+91 98108445312
+91 98108545312
+91 98108645312
+91 98108745312
+91 98108845312
+91 98108945312
+63 98108145312
+64 98108245312
+65 98108445312
+66 98108545312
+67 98108645312
+68 98108745312
+69 98108845312
+91 98108945312
+91 98108145312
+91 98108245312
+91 98108345312
+91 98108545312
+91 98108645312
+63 98108745312
+64 98108845312
+65 98108945312
+66 98108145312
+67 98108245312
+68 98108345312
+69 98108445312